-34.8951,-56.0699,19
-34.8951,-56.0686,59
-34.8951,-56.0684,81
-34.8951,-56.0673,97
-34.8951,-56.0671,70
-34.8951,-56.0661,40
-34.8951,-56.0659,11
-34.8951,-56.1741,61
-34.8951,-56.1738,90
-34.8951,-56.147,7
-
-
-
-
-
-
-
-
-
-
-
-
-
-
-
-
-
-
-
-
-34.8807,-56.0491,88
-34.8807,-56.0824,28
-34.8807,-56.0776,50
-34.8807,-56.0458,30
-34.8807,-56.1845,31
-34.8807,-56.0501,72
-34.8807,-56.049,32
-34.8807,-56.178,38
-34.8807,-56.0677,70
-34.8807,-56.0617,72
-34.8806,-56.0803,56
-34.8806,-56.0482,67
-34.8806,-56.0373,58
-34.8806,-56.1931,91
-34.8806,-56.0787,72
-34.8806,-56.062,71
-34.8806,-56.1959,78
-34.8806,-56.1956,93
-34.8806,-56.0682,46
-34.8806,-56.0496,12
-34.8806,-56.0488,9
-34.8806,-56.1922,43
-34.8806,-56.0551,91
-34.8806,-56.1979,70
-34.8806,-56.1968,2
-34.8806,-56.1947,11
-34.8806,-56.1887,76
-34.8806,-56.1864,61
-34.8806,-56.1839,40
-34.8806,-56.1278,6
-
-
-
-
-
-
-
-
-
-
-
-
-
-
-
-
-
-
-
-
-34.9134,-56.1482,93
-34.9134,-56.1481,9
-34.9134,-56.1477,51
-34.9134,-56.1475,39
-34.9134,-56.1737,85
-34.9134,-56.1621,48
-34.9134,-56.151,56
-34.9134,-56.148,76
-34.9134,-56.1768,21
-34.9134,-56.1743,43
-34.9134,-56.1733,38
-34.9134,-56.1718,91
-34.9134,-56.1627,88
-34.9134,-56.1558,45
-34.9134,-56.1556,49
-34.9134,-56.1554,23
-34.9134,-56.1547,67
-34.9134,-56.15,89
-34.9134,-56.1489,35
-34.9134,-56.1489,57
-34.9134,-56.1809,51
-34.9134,-56.1561,55
-34.9134,-56.1489,10
-34.9134,-56.1682,53
-34.9134,-56.1809,80
-34.9134,-56.1782,3
-34.9134,-56.157,51
-34.9134,-56.1479,61
-34.9134,-56.1859,34
-34.9134,-56.1847,8
-34.9134,-56.1846,83
-34.9134,-56.1833,21
-34.9134,-56.1821,15
-34.9134,-56.1819,84
-34.9134,-56.1815,52
-34.9134,-56.1813,20
-34.9134,-56.1811,41
-34.9134,-56.1808,11
-34.9134,-56.1804,55
-34.9134,-56.1802,44
-34.9134,-56.1799,91
-34.9134,-56.1748,33
-34.9134,-56.1746,29
-34.9134,-56.1726,80
-34.9134,-56.1724,82
-34.9134,-56.1711,33
-34.9134,-56.1625,26
-34.9134,-56.1621,36
-34.9134,-56.1607,96
-34.9134,-56.1603,68
-34.9134,-56.1601,56
-34.9134,-56.1589,65
-34.9134,-56.158,90
-34.9134,-56.1578,6
-34.9134,-56.156,42
-34.9134,-56.1559,58
-34.9134,-56.1558,80
-34.9134,-56.1555,61
-34.9134,-56.1554,91
-34.9134,-56.1553,86
-34.9134,-56.1552,77
-34.9134,-56.1549,56
-34.9134,-56.1531,74
-34.9134,-56.1527,70
-34.9134,-56.1526,67
-34.9134,-56.1522,54
-34.9134,-56.1514,68
-34.9134,-56.1501,13
-34.9134,-56.1498,32
-34.9134,-56.1488,53
-34.9134,-56.1487,91
-34.9134,-56.1486,6
-34.9134,-56.1485,30
-34.9134,-56.1483,94
-34.9134,-56.1802,96
-34.9134,-56.1726,96
-34.9134,-56.1602,35
-34.9134,-56.1561,48
-34.9134,-56.1512,45
-34.9134,-56.1483,38
-34.9134,-56.1819,91
-34.9134,-56.1802,2
-34.9134,-56.1782,52
-34.9134,-56.1498,79
-34.9134,-56.1859,14
-34.9134,-56.1805,12
-34.9134,-56.1747,68
-34.9134,-56.1519,60
-34.9134,-56.1486,23
-34.9134,-56.1739,8
-34.9134,-56.1604,72
-34.9134,-56.1603,45
-34.9134,-56.1558,24
-34.9134,-56.1557,63
-34.9134,-56.1815,9
-34.9134,-56.1815,62
-34.9134,-56.1553,94
-34.9134,-56.1489,60
-34.9134,-56.1479,77
-34.9134,-56.1815,63
